     atau     wage     TFP0     TFP1     DTFP       DM     DPhi       DF     Etau    Etau0    Etaul    Etauh     Expz        M       aY       aN       aL       aK       YN       aC     mTFP     nTFP    check     zphi
    0.000    0.300    0.462    0.462    0.000    0.000    0.000    0.000    0.000    0.000    0.000    0.000   97.523    6.499   44.223   93.501  100.000    0.000   47.297   44.223 Infinity Infinity   50.000   -1.304
    1.000    0.292    0.462    0.462    0.124    0.722   -0.001   -0.598   -0.117   -0.117   -1.000    0.000   -0.638    1.998    0.036   -0.139    0.000      NaN    0.175    0.036      NaN      NaN    0.040   -0.197
    2.000    0.622    0.462    0.463    0.271    1.590   -0.003   -1.316   -0.237   -0.237   -2.000    0.000   -1.399    4.448    0.074   -0.309    0.000      NaN    0.384    0.074      NaN      NaN    0.040   -0.205
    3.000    0.920    0.462    0.463    0.391    2.314   -0.008   -1.916   -0.360   -0.360   -3.000    0.000   -2.029    6.534    0.101   -0.454    0.000      NaN    0.558    0.101      NaN      NaN    0.040   -0.211
    4.000    1.222    0.462    0.464    0.510    3.040   -0.014   -2.516   -0.487   -0.487   -4.000    0.000   -2.655    8.663    0.125   -0.602    0.000      NaN    0.731    0.125      NaN      NaN    0.040   -0.218
    5.000    1.527    0.462    0.464    0.626    3.766   -0.021   -3.119   -0.617   -0.617   -5.000    0.000   -3.276   10.833    0.144   -0.753    0.000      NaN    0.904    0.144      NaN      NaN    0.040   -0.224
    6.000    1.835    0.462    0.465    0.741    4.493   -0.030   -3.722   -0.750   -0.750   -6.000    0.000   -3.894   13.048    0.160   -0.907    0.000      NaN    1.077    0.160      NaN      NaN    0.041   -0.230
    7.000    2.147    0.462    0.465    0.854    5.221   -0.040   -4.327   -0.887   -0.887   -7.000    0.000   -4.508   15.306    0.171   -1.064    0.000      NaN    1.249    0.171      NaN      NaN    0.041   -0.237
    8.000    2.461    0.462    0.466    0.965    5.950   -0.052   -4.933   -1.027   -1.027   -8.000    0.000   -5.118   17.609    0.179   -1.224    0.000      NaN    1.420    0.179      NaN      NaN    0.041   -0.243
    9.000    2.780    0.462    0.466    1.075    6.680   -0.064   -5.541   -1.170   -1.170   -9.000    0.000   -5.724   19.959    0.182   -1.387    0.000      NaN    1.591    0.182      NaN      NaN    0.041   -0.250
   10.000    3.083    0.462    0.467    1.182    7.411   -0.078   -6.150   -1.316   -1.316  -10.000    0.000   -6.326   22.355    0.213   -1.504    0.046      NaN    1.744    0.213      NaN      NaN    0.041   -0.256
   11.000    3.389    0.462    0.467    1.263    7.997   -0.094   -6.640   -1.466   -1.466  -11.000    0.000   -6.805   24.307    0.173   -1.690    0.000      NaN    1.895    0.173      NaN      NaN    0.041   -0.261
   12.000    3.718    0.462    0.468    1.367    8.730   -0.110   -7.252   -1.620   -1.620  -12.000    0.000   -7.400   26.790    0.164   -1.862    0.000      NaN    2.065    0.164      NaN      NaN    0.041   -0.268
   13.000    4.012    0.462    0.468    1.444    9.317   -0.128   -7.745   -1.777   -1.777  -13.000    0.000   -7.874   28.812    0.149   -2.003    0.000      NaN    2.196    0.149      NaN      NaN    0.041   -0.273
   14.000    4.347    0.462    0.469    1.545   10.051   -0.146   -8.361   -1.936   -1.936  -14.000    0.000   -8.462   31.386    0.132   -2.182    0.000      NaN    2.365    0.132      NaN      NaN    0.041   -0.279
   15.000    4.647    0.462    0.469    1.618   10.640   -0.165   -8.856   -2.100   -2.100  -15.000    0.000   -8.931   33.481    0.110   -2.327    0.000      NaN    2.495    0.110      NaN      NaN    0.041   -0.285
   16.000    4.995    0.462    0.469    1.690   11.229   -0.186   -9.354   -2.267   -2.267  -16.000    0.000   -9.396   35.610    0.010   -2.589   -0.106      NaN    2.668    0.010      NaN      NaN    0.041   -0.290
   17.000    5.297    0.462    0.470    1.784   11.966   -0.206   -9.976   -2.437   -2.437  -17.000    0.000   -9.975   38.319    0.054   -2.664    0.000      NaN    2.792    0.054      NaN      NaN    0.041   -0.296
   18.000    5.607    0.462    0.470    1.852   12.557   -0.228  -10.477   -2.611   -2.611  -18.000    0.000  -10.436   40.525    0.021   -2.817    0.000      NaN    2.920    0.021      NaN      NaN    0.041   -0.301
   19.000    5.925    0.462    0.470    1.944   13.297   -0.249  -11.104   -2.788   -2.788  -19.000    0.000  -11.008   43.333    0.043   -2.920    0.086      NaN    3.052    0.043      NaN      NaN    0.042   -0.308
   20.000    6.267    0.462    0.471    1.983   13.740   -0.273  -11.485   -2.969   -2.969  -20.000    0.000  -11.350   45.044   -0.106   -3.206   -0.070      NaN    3.203   -0.106      NaN      NaN    0.042   -0.312
   21.000    6.602    0.462    0.471    2.045   14.333   -0.296  -11.992   -3.153   -3.153  -21.000    0.000  -11.803   47.357   -0.176   -3.406   -0.106      NaN    3.344   -0.176      NaN      NaN    0.042   -0.317
   22.000    6.932    0.462    0.471    2.106   14.927   -0.320  -12.501   -3.341   -3.341  -19.901    0.000  -12.254   49.708   -0.233   -3.584   -0.121      NaN    3.475   -0.233      NaN      NaN    0.042   -0.322
   23.000    7.249    0.462    0.472    2.190   15.670   -0.342  -13.138   -3.531   -3.531  -18.610    0.000  -12.815   52.698   -0.204   -3.663    0.000      NaN    3.591   -0.204      NaN      NaN    0.042   -0.328
   24.000    7.572    0.462    0.472    2.222   16.116   -0.368  -13.526   -3.726   -3.726  -17.350    0.000  -13.150   54.521   -0.314   -3.878   -0.082      NaN    3.708   -0.314      NaN      NaN    0.042   -0.332
   25.000    7.883    0.462    0.472    2.302   16.861   -0.390  -14.169   -3.923   -3.923  -15.683    0.000  -13.705   57.608   -0.271   -3.932    0.067      NaN    3.811   -0.271      NaN      NaN    0.042   -0.339
   26.000    7.954    0.462    0.472    2.205   16.998   -0.400  -14.393   -4.056   -4.056  -16.058    0.000  -14.044   58.210   -0.424   -4.020    0.025      NaN    3.746   -0.424      NaN      NaN    0.049   -0.350
   27.000    7.845    0.462    0.471    2.024   16.953   -0.391  -14.538   -4.129   -4.129  -16.782    0.000  -14.428   58.070   -0.611   -4.037    0.000      NaN    3.569   -0.611      NaN      NaN    0.093   -0.368
   28.000    7.815    0.462    0.470    1.905   17.050   -0.387  -14.758   -4.230   -4.230  -17.507    0.000  -14.796   58.511   -0.711   -4.013    0.051      NaN    3.440   -0.711      NaN      NaN    0.152   -0.382
   29.000    7.800    0.462    0.470    1.765   17.127   -0.374  -14.989   -4.328   -4.328  -18.650    0.000  -15.210   58.877   -0.900   -4.093    0.000      NaN    3.328   -0.900      NaN      NaN    0.037   -0.398
   30.000    7.740    0.462    0.469    1.622   17.112   -0.358  -15.132   -4.417   -4.417  -19.404    0.000  -15.526   58.848   -1.038   -4.091   -0.000      NaN    3.183   -1.038      NaN      NaN    0.046   -0.412
   31.000    7.677    0.462    0.468    1.503   17.151   -0.363  -15.285   -4.495   -4.495  -19.265    0.000  -15.848   59.047   -1.126   -4.047    0.054      NaN    3.045   -1.126      NaN      NaN    0.181   -0.426
   32.000    7.677    0.462    0.468    1.380   17.193   -0.380  -15.433   -4.595   -4.595  -20.484    0.000  -16.177   59.264   -1.290   -4.115    0.004      NaN    2.947   -1.290      NaN      NaN    0.113   -0.439
   33.000    7.597    0.462    0.467    1.238   17.189   -0.395  -15.556   -4.661   -4.661  -21.728    0.000  -16.530   59.290   -1.432   -4.121    0.000      NaN    2.805   -1.432      NaN      NaN    0.105   -0.454
   34.000    7.614    0.462    0.467    1.134   17.232   -0.413  -15.686   -4.775   -4.775  -21.504    0.000  -16.801   59.506   -1.550   -4.147   -0.010      NaN    2.709   -1.550      NaN      NaN    0.037   -0.465
   35.000    7.537    0.462    0.466    1.016   17.263   -0.426  -15.820   -4.822   -4.822  -22.227    0.000  -17.141   59.673   -1.665   -4.148   -0.000      NaN    2.590   -1.665      NaN      NaN    0.183   -0.480
   36.000    7.547    0.462    0.466    0.888   17.204   -0.444  -15.872   -4.928   -4.928  -22.990    0.000  -17.372   59.461   -1.851   -4.241   -0.101      NaN    2.496   -1.851      NaN      NaN    0.051   -0.490
   37.000    7.537    0.462    0.465    0.808   17.360   -0.461  -16.091   -5.024   -5.024  -24.335    0.000  -17.719   60.153   -1.889   -4.181    0.000      NaN    2.392   -1.889      NaN      NaN    0.032   -0.502
   38.000    7.460    0.462    0.465    0.686   17.303   -0.475  -16.142   -5.083   -5.083  -24.531    0.000  -17.968   59.946   -1.999   -4.167    0.000      NaN    2.262   -1.999      NaN      NaN    0.097   -0.515
   39.000    7.447    0.462    0.464    0.583   17.356   -0.492  -16.281   -5.171   -5.171  -25.266    0.000  -18.274   60.205   -2.111   -4.185    0.000      NaN    2.164   -2.111      NaN      NaN    0.016   -0.526
   40.000    7.381    0.462    0.464    0.486   17.337   -0.505  -16.346   -5.210   -5.210  -26.710    0.000  -18.509   60.151   -2.203   -4.181    0.000      NaN    2.064   -2.203      NaN      NaN    0.231   -0.539
   41.000    7.352    0.462    0.463    0.384   17.359   -0.521  -16.454   -5.284   -5.284  -26.837    0.000  -18.788   60.278   -2.309   -4.190    0.000      NaN    1.964   -2.309      NaN      NaN    0.191   -0.551
   42.000    7.383    0.462    0.463    0.298   17.438   -0.540  -16.600   -5.394   -5.394  -28.319    0.000  -19.055   60.645   -2.408   -4.216    0.000      NaN    1.887   -2.408      NaN      NaN    0.077   -0.560
   43.000    7.339    0.462    0.462    0.196   17.436   -0.555  -16.685   -5.458   -5.458  -29.132    0.000  -19.314   60.667   -2.508   -4.217    0.000      NaN    1.784   -2.508      NaN      NaN    0.070   -0.571
   44.000    7.331    0.462    0.462    0.095   17.345   -0.569  -16.681   -5.512   -5.512  -29.947    0.000  -19.472   60.305   -2.679   -4.328   -0.127      NaN    1.724   -2.679      NaN      NaN    0.183   -0.582
   45.000    7.302    0.462    0.462    0.011   17.469   -0.588  -16.871   -5.611   -5.611  -30.770    0.000  -19.803   60.868   -2.698   -4.231    0.000      NaN    1.601   -2.698      NaN      NaN    0.007   -0.592
   46.000    7.293    0.462    0.461   -0.089   17.350   -0.601  -16.838   -5.653   -5.653  -30.793    0.000  -19.935   60.380   -2.884   -4.369   -0.161      NaN    1.553   -2.884      NaN      NaN    0.159   -0.602
   45.087    7.313    0.462    0.462    0.006   17.469   -0.590  -16.873   -5.627   -5.627  -30.051    0.000  -19.803   60.868   -2.702   -4.231    0.000      NaN    1.596   -2.702      NaN      NaN    0.007   -0.592
